
66,4,0,0
56,5,1,0.16666666666666666
53,6,56,0.3333333333333333
49,7,47,0.49999999999999994
49,49,437,0.6666666666666666
52,52,441,0.8333333333333333
54,54,446,0.9999999999999999
53,53,465,1.166666666666667
56,56,457,1.3333333333333341
61,4,0,1.5000000000000013
62,3,15,1.6666666666666685
60,4,0,1.8333333333333357
57,4,145,2.0000000000000027
56,56,503,2.1666666666666687
54,54,506,2.333333333333335
46,46,505,2.500000000000001
44,44,497,2.666666666666667
44,44,500,2.833333333333333
42,42,515,2.999999999999999
42,6,180,3.166666666666665
46,6,172,3.3333333333333313
45,8,189,3.4999999999999973
47,9,198,3.6666666666666634
38,9,178,3.8333333333333295
41,11,221,3.9999999999999956
40,10,223,4.166666666666662
39,9,166,4.333333333333328
37,19,216,4.499999999999994
39,22,247,4.66666666666666
38,25,250,4.833333333333326
35,29,264,4.999999999999992
34,33,267,5.166666666666658
35,35,267,5.333333333333324
35,35,282,5.49999999999999
39,33,289,5.666666666666656
38,37,297,5.833333333333322
35,43,306,5.9999999999999885
34,45,307,6.1666666666666545
33,46,309,6.333333333333321
28,52,312,6.499999999999987
31,56,308,6.666666666666653
26,48,306,6.833333333333319
65,10,206,6.999999999999985
61,17,306,7.166666666666651
63,12,327,7.333333333333317
62,26,341,7.499999999999983
60,7,111,7.666666666666649
61,23,389,7.833333333333315
30,68,441,7.999999999999981
72,72,434,8.166666666666648
70,70,426,8.333333333333314
71,71,425,8.49999999999998
70,70,428,8.666666666666647
67,67,436,8.833333333333313
65,65,432,8.999999999999979
62,62,431,9.166666666666645
60,60,439,9.33333333333331
58,58,441,9.499999999999977
61,61,433,9.666666666666643
62,62,422,9.833333333333309
60,60,425,9.999999999999975
59,59,423,10.166666666666641
58,58,432,10.333333333333307
59,59,434,10.499999999999973
60,60,438,10.66666666666664
57,57,442,10.833333333333306
58,58,444,10.999999999999972
60,60,444,11.166666666666638
57,57,437,11.333333333333304
56,56,438,11.49999999999997
61,61,448,11.666666666666636
60,60,449,11.833333333333302
60,60,448,11.999999999999968
56,56,451,12.166666666666634
53,53,454,12.3333333333333
55,55,460,12.499999999999966
54,54,460,12.666666666666632
52,52,457,12.833333333333298
49,49,459,12.999999999999964
45,45,457,13.16666666666663
50,50,450,13.333333333333297
42,42,444,13.499999999999963
44,44,445,13.666666666666629
43,43,446,13.833333333333295
41,41,449,13.999999999999961
40,40,447,14.166666666666627
39,39,450,14.333333333333293
39,39,447,14.49999999999996
37,37,445,14.666666666666625
39,39,444,14.833333333333291
38,38,445,14.999999999999957
37,37,450,15.166666666666623
38,38,450,15.33333333333329
36,36,446,15.499999999999956
39,39,442,15.666666666666622
40,40,441,15.833333333333288
35,35,437,15.999999999999954
34,34,440,16.16666666666663
35,35,439,16.333333333333304
36,36,435,16.49999999999998
38,38,434,16.666666666666654
41,41,431,16.83333333333333
37,37,428,17.000000000000004
37,37,427,17.16666666666668
37,37,427,17.333333333333353
37,37,430,17.50000000000003
41,41,430,17.666666666666703
37,37,432,17.83333333333338
37,37,436,18.000000000000053
37,37,445,18.16666666666673
38,38,448,18.333333333333403
38,38,448,18.500000000000078
38,38,450,18.666666666666753
37,37,452,18.833333333333428
37,37,454,19.000000000000103
37,37,454,19.166666666666778
38,38,451,19.333333333333453
39,39,452,19.500000000000128
37,37,454,19.666666666666803
37,37,457,19.833333333333478
39,12,379,20.000000000000153
41,11,393,20.166666666666828
41,9,401,20.333333333333503
45,16,390,20.500000000000178
44,44,462,20.666666666666853
45,20,355,20.833333333333528
50,26,354,21.000000000000203
64,64,454,21.166666666666877
62,62,451,21.333333333333552
62,62,448,21.500000000000227
62,62,457,21.666666666666902
62,62,449,21.833333333333577
60,60,449,22.000000000000252
58,58,457,22.166666666666927
59,59,458,22.333333333333602
60,60,454,22.500000000000277
62,62,463,22.666666666666952
64,64,460,22.833333333333627
29,63,460,23.000000000000302
63,63,470,23.166666666666977
62,62,465,23.333333333333652
60,60,483,23.500000000000327
64,64,480,23.666666666667002
66,66,483,23.833333333333677
64,64,475,24.00000000000035
58,58,476,24.166666666667027
58,58,471,24.3333333333337
57,57,462,24.500000000000377
56,56,458,24.66666666666705
57,57,458,24.833333333333727
59,59,454,25.0000000000004
58,58,457,25.166666666667076
56,56,459,25.33333333333375
57,57,459,25.500000000000426
58,58,459,25.6666666666671
57,57,457,25.833333333333776
53,53,450,26.00000000000045
54,54,446,26.166666666667126
53,53,447,26.3333333333338
49,49,448,26.500000000000476
50,50,450,26.66666666666715
52,52,462,26.833333333333826
52,52,460,27.0000000000005
52,52,460,27.166666666667176
50,50,464,27.33333333333385
49,49,472,27.500000000000526
48,48,471,27.6666666666672
49,49,470,27.833333333333876
51,51,472,28.00000000000055
44,44,471,28.166666666667226
46,46,473,28.3333333333339
43,43,472,28.500000000000576
39,39,483,28.66666666666725
38,38,479,28.833333333333925
37,8,208,29.0000000000006
36,36,477,29.166666666667275
36,9,246,29.33333333333395
35,13,202,29.500000000000625
31,19,218,29.6666666666673
30,21,217,29.833333333333975
30,22,220,30.00000000000065
29,9,221,30.166666666667325
28,10,227,30.333333333334
28,23,237,30.500000000000675
26,22,246,30.66666666666735
27,31,277,30.833333333334025
27,19,307,31.0000000000007
26,43,290,31.166666666667375
25,51,299,31.33333333333405
25,57,300,31.500000000000725
27,39,312,31.6666666666674
24,13,282,31.833333333334075
24,10,282,32.000000000000746
57,23,341,32.1666666666674
24,40,350,32.33333333333406
67,67,433,32.50000000000072
70,70,405,32.666666666667375
70,70,406,32.83333333333403
70,70,395,33.00000000000069
70,70,375,33.166666666667346
71,71,361,33.333333333334004
80,80,348,33.50000000000066
83,83,346,33.66666666666732
82,82,343,33.833333333333975
78,78,343,34.00000000000063
68,68,348,34.16666666666729
65,65,350,34.33333333333395
64,64,354,34.500000000000604
67,67,358,34.66666666666726
59,59,358,34.83333333333392
59,59,367,35.000000000000576
59,59,369,35.16666666666723
62,62,371,35.33333333333389
62,62,371,35.50000000000055
62,62,377,35.666666666667204
60,60,382,35.83333333333386
59,59,391,36.00000000000052
58,58,398,36.166666666667176
56,56,401,36.33333333333383
55,55,405,36.50000000000049
55,55,407,36.66666666666715
53,53,406,36.833333333333805
53,53,412,37.00000000000046
56,56,414,37.16666666666712
57,57,422,37.333333333333776
56,56,425,37.50000000000043
56,56,431,37.66666666666709
56,56,436,37.83333333333375
60,60,439,38.000000000000405
59,59,444,38.16666666666706
56,56,436,38.33333333333372
56,56,440,38.50000000000038
55,55,447,38.666666666667034
50,50,449,38.83333333333369
53,53,451,39.00000000000035
53,53,460,39.166666666667005
51,51,472,39.33333333333366
49,49,472,39.50000000000032
48,48,472,39.66666666666698
45,45,465,39.833333333333634
44,44,463,40.00000000000029
41,41,456,40.16666666666695
40,40,460,40.333333333333606
37,37,456,40.50000000000026
37,37,457,40.66666666666692
37,37,453,40.83333333333358
35,35,449,41.000000000000234
34,34,451,41.16666666666689
34,34,453,41.33333333333355
38,38,451,41.500000000000206
34,34,451,41.66666666666686
31,31,445,41.83333333333352
33,33,434,42.00000000000018
33,33,430,42.166666666666835
33,33,429,42.33333333333349
31,31,436,42.50000000000015
30,30,427,42.666666666666806
28,28,426,42.833333333333464
28,28,433,43.00000000000012
28,28,433,43.16666666666678
27,27,421,43.333333333333435
29,29,417,43.50000000000009
34,34,409,43.66666666666675
36,36,406,43.83333333333341
38,38,403,44.000000000000064
39,39,399,44.16666666666672
40,40,386,44.33333333333338
43,43,377,44.500000000000036
44,44,376,44.66666666666669
43,43,371,44.83333333333335
43,43,368,45.00000000000001
43,43,357,45.166666666666664
42,42,354,45.33333333333332
44,44,353,45.49999999999998
44,44,352,45.666666666666636
44,44,350,45.83333333333329
45,45,348,45.99999999999995
45,45,350,46.16666666666661
45,45,355,46.333333333333265
45,45,353,46.49999999999992
45,45,356,46.66666666666658
45,45,361,46.833333333333236
49,49,363,46.99999999999989
51,51,368,47.16666666666655
56,56,374,47.33333333333321
54,54,378,47.499999999999865
54,54,384,47.66666666666652
55,55,392,47.83333333333318
57,57,393,47.99999999999984
57,57,403,48.166666666666494
57,57,404,48.33333333333315
54,54,410,48.49999999999981
57,57,408,48.666666666666465
53,53,414,48.83333333333312
66,5,0,48.83333333333312
56,5,1,48.99999999999978
53,6,56,49.16666666666644
49,7,47,49.333333333333094
49,49,437,49.49999999999975
52,52,441,49.66666666666641
54,54,446,49.833333333333066
53,53,465,49.99999999999972
56,56,457,50.16666666666638
61,4,0,50.33333333333304
62,3,15,50.499999999999694
60,4,0,50.66666666666635
57,4,145,50.83333333333301
56,56,503,50.999999999999666
54,54,506,51.16666666666632
46,46,505,51.33333333333298
44,44,497,51.49999999999964
44,44,500,51.666666666666295
42,42,515,51.83333333333295
42,6,180,51.99999999999961
46,6,172,52.166666666666266
45,8,189,52.333333333332924
47,9,198,52.49999999999958
38,9,178,52.66666666666624
41,11,221,52.833333333332895
40,10,223,52.99999999999955
39,9,166,53.16666666666621
37,19,216,53.33333333333287
39,22,247,53.499999999999524
38,25,250,53.66666666666618
35,29,264,53.83333333333284
34,33,267,53.999999999999496
35,35,267,54.16666666666615
35,40,282,54.33333333333281
39,33,289,54.49999999999947
38,37,297,54.666666666666124
35,43,306,54.83333333333278
34,45,307,54.99999999999944
33,47,309,55.166666666666096
28,52,312,55.33333333333275
31,56,308,55.49999999999941
26,48,306,55.66666666666607
66,11,202,55.833333333332725
61,17,306,55.99999999999938
64,12,328,56.16666666666604
62,26,341,56.333333333332696
60,7,111,56.49999999999935
61,23,389,56.66666666666601
30,68,441,56.83333333333267
72,72,434,56.999999999999325
70,70,426,57.16666666666598
71,71,425,57.33333333333264
70,70,428,57.4999999999993
67,67,436,57.666666666665954
65,65,432,57.83333333333261
63,63,431,57.99999999999927
60,60,439,58.166666666665925
58,58,441,58.33333333333258
61,61,433,58.49999999999924
62,62,422,58.6666666666659
60,60,425,58.833333333332554
59,59,422,58.99999999999921
58,58,432,59.16666666666587
59,59,434,59.333333333332526
60,60,438,59.49999999999918
57,57,442,59.66666666666584
58,58,444,59.8333333333325
60,60,444,59.999999999999154
57,57,437,60.16666666666581
56,56,438,60.33333333333247
61,61,448,60.499999999999126
60,60,449,60.66666666666578
60,60,448,60.83333333333244
56,56,451,60.9999999999991
53,53,454,61.166666666665755
55,55,460,61.33333333333241
54,54,460,61.49999999999907
52,52,457,61.666666666665726
49,49,459,61.833333333332384
45,45,457,61.99999999999904
50,50,450,62.1666666666657
42,42,444,62.333333333332355
44,44,445,62.49999999999901
43,43,446,62.66666666666567
41,41,449,62.83333333333233
40,40,447,62.999999999998984
39,39,450,63.16666666666564
39,39,447,63.3333333333323
37,37,445,63.499999999998956
39,39,444,63.66666666666561
38,38,445,63.83333333333227
37,37,450,63.99999999999893
38,38,450,64.16666666666559
36,36,446,64.33333333333225
39,39,442,64.4999999999989
40,40,441,64.66666666666556
35,35,437,64.83333333333222
34,34,440,64.99999999999888
35,35,439,65.16666666666553
36,36,435,65.33333333333219
38,38,434,65.49999999999885
41,41,431,65.6666666666655
37,37,428,65.83333333333216
37,37,427,65.99999999999882
37,37,427,66.16666666666548
37,37,430,66.33333333333213
41,41,430,66.49999999999879
37,37,432,66.66666666666545
37,37,436,66.8333333333321
37,37,445,66.99999999999876
38,38,448,67.16666666666542
38,38,448,67.33333333333208
38,38,450,67.49999999999874
37,37,452,67.66666666666539
37,37,454,67.83333333333205
37,37,454,67.9999999999987
38,38,451,68.16666666666536
39,39,452,68.33333333333202
37,37,454,68.49999999999868
37,37,457,68.66666666666534
39,12,379,68.83333333333199
41,11,393,68.99999999999865
41,9,401,69.16666666666531
45,16,390,69.33333333333196
44,44,462,69.49999999999862
45,20,355,69.66666666666528
50,26,354,69.83333333333194
64,64,454,69.9999999999986
62,62,451,70.16666666666525
62,62,448,70.33333333333191
62,62,457,70.49999999999856
62,62,449,70.66666666666522
60,60,449,70.83333333333188
58,58,457,70.99999999999854
59,59,458,71.1666666666652
60,60,454,71.33333333333185
62,62,463,71.49999999999851
64,64,460,71.66666666666517
29,63,459,71.83333333333182
63,63,465,71.99999999999848
62,62,465,72.16666666666514
60,60,483,72.3333333333318
64,64,480,72.49999999999845
66,66,483,72.66666666666511
64,64,475,72.83333333333177
58,58,477,72.99999999999842
58,58,471,73.16666666666508
57,57,462,73.33333333333174
56,56,458,73.4999999999984
57,57,458,73.66666666666505
59,59,454,73.83333333333171
58,58,457,73.99999999999837
56,56,459,74.16666666666502
57,57,459,74.33333333333168
58,58,459,74.49999999999834
57,57,457,74.666666666665
53,53,450,74.83333333333165
54,54,446,74.99999999999831
53,53,447,75.16666666666497
49,49,448,75.33333333333162
50,50,450,75.49999999999828
52,52,462,75.66666666666494
52,52,460,75.8333333333316
52,52,460,75.99999999999825
50,50,464,76.16666666666491
49,49,472,76.33333333333157
48,48,471,76.49999999999822
49,49,470,76.66666666666488
51,51,472,76.83333333333154
44,44,471,76.9999999999982
46,46,473,77.16666666666485
43,43,472,77.33333333333151
39,39,483,77.49999999999817
38,38,479,77.66666666666482
37,8,208,77.83333333333148
36,36,477,77.99999999999814
36,9,246,78.1666666666648
35,13,202,78.33333333333145
31,19,218,78.49999999999811
30,21,217,78.66666666666477
30,22,220,78.83333333333142
29,9,221,78.99999999999808
28,10,227,79.16666666666474
28,23,237,79.3333333333314
26,22,246,79.49999999999805
27,31,277,79.66666666666471
27,19,307,79.83333333333137
26,43,290,79.99999999999802
25,49,297,80.16666666666468
25,45,266,80.33333333333134
27,39,312,80.499999999998
24,13,282,80.66666666666465
24,10,282,80.83333333333131
57,23,341,80.99999999999797
24,40,350,81.16666666666463
67,67,433,81.33333333333128
70,70,409,81.49999999999794
70,70,406,81.6666666666646
70,70,395,81.83333333333125
70,70,375,81.99999999999791
71,71,361,82.16666666666457
80,80,348,82.33333333333123
83,83,345,82.49999999999788
82,82,343,82.66666666666454
78,78,343,82.8333333333312
68,68,348,82.99999999999785
65,65,350,83.16666666666451
64,64,354,83.33333333333117
67,67,358,83.49999999999783
59,59,358,83.66666666666448
59,59,367,83.83333333333114
59,59,369,83.9999999999978
62,62,371,84.16666666666445
62,62,371,84.33333333333111
62,62,377,84.49999999999777
60,60,382,84.66666666666443
59,59,391,84.83333333333108
58,58,398,84.99999999999774
56,56,401,85.1666666666644
55,55,405,85.33333333333105
55,55,407,85.49999999999771
53,53,406,85.66666666666437
53,53,412,85.83333333333103
56,56,414,85.99999999999768
57,57,422,86.16666666666434
56,56,425,86.333333333331
56,56,431,86.49999999999766
56,56,438,86.66666666666431
60,60,439,86.83333333333097
59,59,444,86.99999999999763
56,56,435,87.16666666666428
56,56,440,87.33333333333094
55,55,445,87.4999999999976
50,50,449,87.66666666666426
53,53,454,87.83333333333091
53,53,460,87.99999999999757
51,51,472,88.16666666666423
49,49,472,88.33333333333088
48,48,472,88.49999999999754
45,45,465,88.6666666666642
44,44,463,88.83333333333086
41,41,456,88.99999999999751
40,40,460,89.16666666666417
37,37,456,89.33333333333083
37,37,457,89.49999999999748
37,37,453,89.66666666666414
35,35,449,89.8333333333308
34,34,451,89.99999999999746
34,34,453,90.16666666666411
38,38,451,90.33333333333077
34,34,451,90.49999999999743
31,31,445,90.66666666666409
33,33,434,90.83333333333074
33,33,430,90.9999999999974
33,33,429,91.16666666666406
31,31,436,91.33333333333071
30,30,427,91.49999999999737
28,28,430,91.66666666666403
28,28,433,91.83333333333069
28,28,432,91.99999999999734
27,27,421,92.166666666664
29,29,417,92.33333333333066
34,34,409,92.49999999999731
36,36,406,92.66666666666397
38,38,403,92.83333333333063
39,39,399,92.99999999999729
40,40,386,93.16666666666394
43,43,376,93.3333333333306
44,44,376,93.49999999999726
43,43,371,93.66666666666391
43,43,368,93.83333333333057
43,43,357,93.99999999999723
42,42,354,94.16666666666389
44,44,353,94.33333333333054
44,44,352,94.4999999999972
44,44,350,94.66666666666386
45,45,348,94.83333333333051
45,45,350,94.99999999999717
45,45,356,95.16666666666383
45,45,353,95.33333333333049
45,45,356,95.49999999999714
45,45,361,95.6666666666638
49,49,364,95.83333333333046
51,51,368,95.99999999999712
56,56,374,96.16666666666377
54,54,378,96.33333333333043
54,54,384,96.49999999999709
55,55,392,96.66666666666374
57,57,393,96.8333333333304
57,57,396,96.99999999999706
57,57,404,97.16666666666372
54,54,410,97.33333333333037
57,57,408,97.49999999999703
53,53,414,97.66666666666369
52,52,418,97.83333333333034
52,52,422,97.999999999997
52,52,419,98.16666666666366
52,52,414,98.33333333333032
53,53,419,98.49999999999697
51,51,422,98.66666666666363
47,47,421,98.83333333333029
47,47,415,98.99999999999694
46,46,420,99.1666666666636
48,48,419,99.33333333333026
49,49,428,99.49999999999692
49,49,431,99.66666666666357
43,43,446,99.83333333333023
43,43,454,99.99999999999689
42,42,452,100.16666666666355
38,38,453,100.3333333333302
36,36,457,100.49999999999686
36,36,467,100.66666666666352
41,41,480,100.83333333333017
44,44,487,100.99999999999683
38,38,493,101.16666666666349
40,40,497,101.33333333333015
40,40,498,101.4999999999968
37,37,496,101.66666666666346
39,39,493,101.83333333333012
33,33,494,101.99999999999677
32,32,499,102.16666666666343
30,30,485,102.33333333333009
29,29,484,102.49999999999675
27,27,482,102.6666666666634
30,30,478,102.83333333333006
31,31,480,102.99999999999672
27,27,475,103.16666666666337
26,26,470,103.33333333333003
25,25,465,103.49999999999669
25,25,467,103.66666666666335
26,26,464,103.83333333333
26,26,456,103.99999999999666
25,25,450,104.16666666666332
27,27,450,104.33333333332997
27,27,448,104.49999999999663
27,27,436,104.66666666666329
26,26,436,104.83333333332995
27,27,435,104.9999999999966
27,27,434,105.16666666666326
27,27,434,105.33333333332992
27,27,428,105.49999999999658
27,27,435,105.66666666666323
25,25,438,105.83333333332989
26,26,430,105.99999999999655
27,27,423,106.1666666666632
30,30,424,106.33333333332986
26,26,420,106.49999999999652
30,30,414,106.66666666666318
30,30,417,106.83333333332983
32,32,417,106.99999999999649
32,32,415,107.16666666666315
35,35,410,107.3333333333298
32,32,416,107.49999999999646
35,35,414,107.66666666666312
34,34,430,107.83333333332978
36,36,433,107.99999999999643
36,36,430,108.16666666666309
36,36,421,108.33333333332975
37,37,421,108.4999999999964
36,36,425,108.66666666666306
37,37,419,108.83333333332972
37,37,433,108.99999999999638
37,37,429,109.16666666666303
37,37,421,109.33333333332969
37,37,447,109.49999999999635
37,37,439,109.666666666663
37,37,436,109.83333333332966
37,37,439,109.99999999999632
36,36,445,110.16666666666298
35,35,444,110.33333333332963
35,35,440,110.49999999999629
36,36,440,110.66666666666295
35,35,445,110.8333333333296
35,35,449,110.99999999999626
35,35,445,111.16666666666292
35,35,446,111.33333333332958
35,35,449,111.49999999999623
35,35,451,111.66666666666289
35,35,443,111.83333333332955
37,37,443,111.9999999999962
35,35,444,112.16666666666286
34,34,442,112.33333333332952
34,34,441,112.49999999999618
34,34,442,112.66666666666283
32,32,445,112.83333333332949
33,33,449,112.99999999999615
33,33,450,113.1666666666628
33,33,465,113.33333333332946
32,32,470,113.49999999999612
32,32,477,113.66666666666278
33,33,482,113.83333333332943
33,33,497,113.99999999999609
33,33,505,114.16666666666275
33,33,507,114.3333333333294
31,31,514,114.49999999999606
32,32,519,114.66666666666272
31,31,529,114.83333333332938
31,31,537,114.99999999999604
31,31,540,115.16666666666269
30,30,546,115.33333333332935
30,30,557,115.499999999996
31,31,564,115.66666666666266
31,31,567,115.83333333332932